8 8 8
1.1 8
1.1 8
0.0 0.0 0.0
0.0 3.141592653589793 0.9857142857142858
0.0 3.141592653589793 1.9714285714285715
0.0 3.141592653589793 2.957142857142857
0.0 3.141592653589793 3.9428571428571426
0.0 3.141592653589793 4.928571428571429
0.0 3.141592653589793 5.914285714285715
0.0 3.141592653589793 6.9
-0.5275535993110051 1.4251515024185621 1.0128406721716638
-0.16545227981521815 2.394943596088536 1.6653286792101176
-0.03061802611342427 2.6997734180336663 2.550834072971039
0.024858964597907107 2.8369610877515896 3.489909679615894
0.05527806742866369 2.9098223613471315 4.449658567540194
0.07538579870577018 2.9547177089689622 5.418902751186451
0.08971950970184948 2.9850743920091567 6.393264395581018
0.10031005728684553 3.0069794274634067 7.370678644868604
0.45075834880094834 1.3444374533124452 2.1293542977111803
0.5797080503670482 2.080479232327503 2.876904778821779
0.5358892513530973 2.325868698836936 3.705829761292984
0.5825731698139867 2.5740763283976182 4.78989911567478
0.6726706972785573 2.7565189142970503 5.5904095045851
0.6832217868712366 2.8267823437847444 6.545808988056006
0.6453008813955089 2.8386721779550816 7.427153512710945
0.6434906310245125 2.871155704735111 8.370524099631655
1.382922918434853 1.3098707846125073 3.345885029437672
1.4321595847609427 1.977433342879468 4.190163628555641
1.4524506283455272 2.3514419331245966 5.076443309787315
1.463443950056309 2.5552649356059725 5.999299957723766
1.4736148527639434 2.6779427428842713 6.943108646018564
1.4744804001652454 2.758756396837202 7.899313526433637
1.4773451115005596 2.81581922624749 8.863029142159835
1.4793142741243301 2.8581257457969462 9.831888599415596
2.2935634454642804 1.2968281586347057 4.62452220909419
1.9370356594251241 1.8667947480051035 5.439774112323874
2.317824408862594 2.30712108497469 6.447414878636271
2.3248167728975955 2.5147507847967865 7.384439624026843
2.3269399735503415 2.6421312541669573 8.336473383188878
0.6216923826867676 2.6992003482364977 9.308104680044336
0.1975766190829429 2.7591795397131182 10.279182318190701
0.09295391418748034 2.808478445598356 11.25163251284418
-3.087769306729702 1.2925735046785942 5.937029533327654
-0.41007693168126724 1.837158823112235 6.765471734854084
-3.0770213776842703 2.2887248328570955 7.815909134181499
-3.0762452025002585 2.4975125385807413 8.763227946079736
-3.0813405928383024 2.626681913378489 9.72186281044279
-3.077682676474533 2.714276030760882 10.680572451537262
-3.0771828566672945 2.7750690050577957 11.658545862523882
-3.07775547045709 2.821135698889327 12.633907865080547
-2.1866702593511027 1.2890723583254906 7.267021826771705
-1.800418937483818 1.6777143006113995 7.752054968095043
-2.4671825301117756 2.181939898083623 8.969135339104957
-2.1907907721315696 2.490356783986266 10.12975060488843
-2.1865534881870676 2.6201189004315806 11.092521854551286
-2.194103770328498 2.707403508357543 12.061146054581386
-2.3404645547222342 2.7531032383411747 13.043008185505155
-2.241234592750567 2.79624584517036 13.68325518984472
-1.2892525963762496 1.2892525963682508 8.605602874536018
-1.6664543418261684 1.625552796195878 8.976672259455174
-1.8334023198999303 2.1422729087643653 10.239778730120815
-1.2917130858357988 2.487414678561523 11.487199963750662
-1.6696383065829832 2.6065483525403614 12.36429253823525
-1.294228587187364 2.7049417641690736 13.422399863195697
-1.2955611839640284 2.767556165545986 14.396409992174888
-1.3054837530723762 2.8144985982805797 15.372849518948458
3.141592653589793 0.0 0.9857142857142858
0.0 0.0 0.0
0.0 3.141592653589793 0.9857142857142858
0.0 3.141592653589793 1.971428571428571
0.0 3.141592653589793 2.957142857142857
0.0 3.141592653589793 3.9428571428571426
0.0 3.141592653589793 4.928571428571429
0.0 3.141592653589793 5.914285714285715
-1.4708710655046975 1.0407244406313712 1.6697623911268629
-0.7454922977840279 1.6430902008669817 1.8539050930825316
-0.4602229400226148 2.212587187919915 2.4299266981983334
-0.29639213398070935 2.5028512692413543 3.217776352548192
-0.20367930858907554 2.665135308960477 4.092996969045703
-0.14713144159616018 2.7640912745799606 5.00984089136284
-0.10784178665160356 2.829869702242279 5.948967882799604
-0.07813175803839453 2.876457570013942 6.901208766243142
-0.2852936645592243 1.2154991155311394 2.876896577389793
0.0038009245985642284 1.791394877440162 3.5445098421478933
0.14201635281323802 2.1717802118619787 4.319136883591803
0.21600298578406235 2.395768005496543 5.164046675156158
0.27048086658654896 2.5541002203008674 6.055432480872831
0.30263028194007835 2.654868679678591 6.97239560930117
0.3309171175083901 2.727012749778935 7.906511525046924
0.34903731129136556 2.7808454677250096 8.852375641531474
0.715337502008955 1.262434114814524 4.190132383737232
0.8390728554660931 1.8537208475865774 5.075434290558484
0.8998490437597074 2.215068514027528 5.970851848906078
0.936059121390296 2.430561342867839 6.890881029616315
0.9594341117458758 2.5502977376891565 7.834900631986208
0.9771730452841012 2.6614673813408958 8.77893436296791
0.9910863118965095 2.7288851902319444 9.737413653384694
0.999965010148981 2.7797132842357595 10.701556546452128
1.6528488656678808 1.277118174778771 5.533197018249847
1.7045951986126793 1.8857964055315506 6.496995733009391
1.7300293395569866 2.247264332288224 7.437684066854357
1.7454288608004636 2.4586886781684476 8.388817942884023
1.7530686321669364 2.591637683408011 9.349194884549009
1.7630318335060167 2.68163771118095 10.316059359017565
1.7684518388117392 2.746629579310691 11.287049588034751
1.7726802339997383 2.7954727979940337 12.26155126868988
2.566338869923849 1.2840813877686241 6.883320715193422
2.5874472982637786 1.9005422069081477 7.869174159583309
2.597760251430374 2.263765783426872 8.822419833976722
2.603906921781645 2.473799568112881 9.781848195084791
2.607953311615688 2.6050634635743215 10.748077516767882
2.610822148109858 2.6938352665636813 11.719839662711083
2.6128339837372008 2.757437281179598 12.694667845346949
2.6143977519510955 2.8052256044699355 13.672092376206407
-2.8129407923247256 1.2875449608326919 8.23359904728616
-2.804509621419083 1.906911720396473 9.223671342659337
-2.8004990331474446 2.27096367487973 10.178826649254855
-2.7982001277826254 2.4805408124830124 11.139621555304313
-2.7967467048042156 2.6112172691244067 12.106963856683336
-0.6590605107685764 2.69525701385548 13.070245239741007
-2.7950104079291163 2.7623842744033738 14.055930832740465
-0.23977783683773296 2.7962421435763836 14.759737112260803
-1.9129210238944545 1.2896346960953644 9.582604594156178
-1.909691491618438 1.9096914916079835 10.572358935734462
-1.9082593218259785 2.2741842622164365 11.526107358172471
-1.9075291278484061 2.4833522503474805 12.487725068156744
-1.9060580651217027 2.613718066999268 13.455048471443362
-1.9057624256931154 2.7015821181209247 14.427018395999223
-1.905585690373675 2.764491592407838 15.402753191777924
-1.9054965354814544 2.8115706132222233 16.379831880231613
3.141592653589793 0.0 1.9714285714285715
3.141592653589793 0.0 0.9857142857142858
0.0 0.0 0.0
0.0 3.141592653589793 0.9857142857142853
0.0 3.141592653589793 1.971428571428571
0.0 3.141592653589793 2.957142857142857
0.0 3.141592653589793 3.9428571428571426
0.0 3.141592653589793 4.928571428571429
-1.8021787132014153 0.9264355894545131 2.55083383558116
-1.3151905166845645 1.3567724867269981 2.430007182600802
-0.8994708490424604 1.7970687504115217 2.6886012779096555
-0.6315818986267759 2.149575406083448 3.2362316305081795
-0.4667634049619276 2.3881329455552565 3.956880835771529
-0.36072913741364243 2.5451499919907317 4.773485864665993
-0.2873893407026717 2.65221512668547 5.644636576574987
-0.23509721905427253 2.7281428483338845 6.548508225316489
-0.6621009530495212 1.1660617749175877 3.735195325992658
-0.3760268396799633 1.6528235660193022 4.3194133760561275
-0.2013574076495693 1.9965532097187455 5.018559407376372
-0.08764054497153097 2.231348640395069 5.80001696959212
-0.011234859733581161 2.395555360675705 6.6347743479543535
0.04417146928080672 2.5127505801488845 7.507183440858941
0.08540912828143105 2.5998247835063064 8.405021927829898
0.11750521678841312 2.6663884658824966 9.32116766493244
0.34136823391618026 1.2403334442108989 5.076466405705946
0.47773841302371295 1.7931252619066365 5.970543604295625
0.5546413665384217 2.138152336592865 6.869585268140771
0.6042858226477827 2.353115137220661 7.78805045222872
0.6388344369617657 2.495462895562838 8.721905559217042
0.6647434822592727 2.594245333245809 9.668088737328471
0.6845053867367696 2.6671955235394753 10.62203480078116
0.7001729669417722 2.7232066734419713 11.581991619187725
1.2832882808865353 1.269486214806097 6.447469307971241
1.3430085997701493 1.860051831490734 7.43879111163007
1.3747884732323328 2.2156031308377675 8.395844988274433
1.3949071249659428 2.4271115494026074 9.356684263583686
1.4087397552393488 2.562162815520673 10.32282099035725
1.4190343489837756 2.6546324285005705 11.294298962925136
1.4268520383301384 2.7216542676814437 12.26880772455861
1.4332392247658239 2.7725391526485472 13.246032914616848
2.199256898873043 1.2818270603692101 7.815889962880855
2.22444824232253 1.8898125710637146 8.824342944878683
2.2366765522929164 2.2513129529036755 9.785637238643233
2.2448171494864217 2.461306817103589 10.754122631640817
2.2502924500335832 2.593490299739237 11.726025264008499
2.254222154357811 2.6831833054320793 12.7011819946121
2.257208249546832 2.74775464948082 13.678795861757878
2.2595503374702535 2.796390528256609 14.658114806899786
3.104404601074371 1.2875418233328648 9.176461282035243
3.11483907398886 1.9030968088237223 10.17841506882699
3.1197496581687516 2.265837747989847 11.1409364364472
3.122862466249202 2.475604464158143 12.105795059015332
3.124940399622807 2.606602262347442 13.076158374178299
3.1264380960336293 2.6951196465629508 14.050572635730552
3.1275640504862428 2.7585225846564367 15.027733310956375
3.128454600021377 2.805784380616026 16.007575282280797
-2.2781133263305624 1.2905696193447735 10.530771763533364
-2.273971887569877 1.9082548238552115 11.527056103935628
-2.2719477714503924 2.2719477714152245 12.485335408519795
-2.27073091777442 2.481406997013889 13.448130487432472
-2.269937576610096 2.6119451951484383 14.41682522803568
-2.269385220463078 2.699946674814676 15.390188298657128
-2.2689796330087684 2.76302018627756 16.366347263638417
-0.8810028266871924 2.7974841743250196 16.766378248523104
3.141592653589793 0.0 2.957142857142857
3.141592653589793 0.0 1.971428571428571
3.141592653589793 0.0 0.9857142857142853
0.0 0.0 0.0
0.0 3.141592653589793 0.9857142857142858
0.0 3.141592653589793 1.9714285714285715
0.0 3.141592653589793 2.9571428571428573
0.0 3.141592653589793 3.942857142857143
-1.939357979557475 0.873458732434379 3.489909411712534
-1.6055214915354883 1.193014586006445 3.2177671777501358
-1.2519927138913294 1.5290337796737141 3.2362108142720274
-0.953551560350326 1.85114946138644 3.5385441418804526
-0.7354670403434345 2.1164252317215473 4.062040351470882
-0.5828981192808688 2.3153094261355585 4.734800826286671
-0.4746619717323219 2.4597834779405785 5.502747862213392
-0.39553702551691267 2.565751959923071 6.331439862391202
-0.8519307541248675 1.1384129006977135 4.6493692934401665
-0.6096666038647385 1.5749923800399857 5.16530089250617
-0.4371485739997231 1.883985958424339 5.798953676255927
-0.31224849033468904 2.1074442923779073 6.51968779024449
-0.22166832724878266 2.272923606963856 7.300709163576502
-0.15271948232499186 2.396539696644252 8.12727079377311
-0.0995217917365199 2.491650224085351 8.98603342910104
-0.057318684950913315 2.5663743039721676 9.868850062379686
0.13756352298609392 1.2292762007872298 5.99940304130815
0.26230838339702695 1.7567425296538066 6.890902651609519
0.3395695652678222 2.0885318806321798 7.78797730630193
0.39266491475697535 2.3001287882754617 8.703187109995042
0.43149206888417296 2.4427257150209334 9.633427248753259
0.46116310615511746 2.54432250399768 10.574968876860813
0.48457951676100564 2.6201214371807677 11.524844361377585
0.5035302976452456 2.67877601414921 12.480972455902545
1.075595953409809 1.2655983025129593 7.384363130549149
1.1316473957192013 1.8450819970539691 8.388466886029988
1.1632435407913244 2.1956044232868073 9.356179252699299
1.1838195940837757 2.4065720099637042 10.32328740955002
1.198587001785099 2.542348599586215 11.295240887352431
1.209680420239623 2.6360726765286615 12.27039703039811
1.2183461829370084 2.7044400306312713 13.247989366323804
1.2251930075308592 2.756325973863463 14.226788604327268
1.9904598187644613 1.2810540092318645 8.763191151609934
2.0141837410446253 1.8841567233631757 9.781549920007889
2.027037666066852 2.242599270075522 10.75699785426935
2.0346059178671214 2.4533835872657006 11.726187657710945
2.040066433059597 2.5861065441448465 12.701116565376996
2.044084215146339 2.676379288824571 13.678749939688638
2.047165156462707 2.7414849958538405 14.658379895062435
2.0496064474116036 2.790596751984749 15.639323551187083
2.8952396688344804 1.2881106287971267 10.129835227366712
2.9050710909133093 1.9005610090953662 11.139960399078145
2.9100356612017335 2.2627151546378976 12.105830988059942
2.9145939300396035 2.4709934760381973 13.088239157413991
2.915205814556515 2.6038141641609456 14.045169044264535
2.9167116500269703 2.692516209633166 15.02115276780459
2.9178605909244846 2.7562411098405506 15.999314985410662
2.9187651371579513 2.804149106939405 16.979032351270213
-2.4873910624085886 1.2916946377880492 11.487401181806504
-2.4833853070251806 1.9075092384320247 12.487608437945552
-2.481385633073492 2.2707213608402257 13.448097350962662
-2.4801639930917805 2.4801639931614203 14.412360976713636
-2.4793598809299144 2.6108154196967637 15.381852439917994
-2.4787705576667913 2.6989366611246237 16.35559204568102
-2.4783356298217623 2.7620861567086363 17.332544295352953
-2.4779897382799243 2.809561517184271 18.311758567941588
3.141592653589793 0.0 3.9428571428571426
3.141592653589793 0.0 2.957142857142857
3.141592653589793 0.0 1.971428571428571
3.141592653589793 0.0 0.9857142857142858
0.0 0.0 0.0
0.0 3.141592653589793 0.9857142857142858
0.0 3.141592653589793 1.9714285714285715
0.0 3.141592653589793 2.9571428571428573
-2.012221987429915 0.8431590327790314 4.449658492375926
-1.7674410094528232 1.1014212922680693 4.092978562112985
-1.490384243949053 1.3635579967382507 3.9569191473007264
-1.2189743937032755 1.6333127042114766 4.06199215203463
-0.9866560765846828 1.884253977829274 4.390493006496257
-0.8042767882086553 2.0964573839401233 4.897826644106228
-0.6660638746620728 2.2653160552622658 5.535394201294166
-0.5613607568602581 2.3963693734191063 6.263809230338391
-0.9613102622436197 1.124832344406411 5.590409109155033
-0.7589737463429039 1.5247719593838698 6.055368361472588
-0.6006994620525934 1.8067174559318389 6.634555506457184
-0.47767678890955173 2.016727343104175 7.300886436897981
-0.38190687186294064 2.1771026738987125 8.032859273139424
-0.30644668157798644 2.3018191803786223 8.814408544243943
-0.2459449833573356 2.4002920786126847 9.633742986535484
-0.19684540733835923 2.4796844815183903 10.48186497379912
0.014990016209744416 1.2223180143274677 6.943563560716653
0.12557577274036305 1.7331497239447533 7.828309618852927
0.1978046623219946 2.0538155012758077 8.72222726509073
0.24999728362660195 2.26141927885337 9.633165805005772
0.28957178402854244 2.4032219190392965 10.559356096243148
0.32063880774184733 2.505609504105777 11.496684935261769
0.3456588109714182 2.582844733237015 12.442472689357135
0.3662189621996374 2.643026297090641 13.394766443501243
0.9482616707350973 1.263452266469871 8.336478050709234
0.9988283523710612 1.834647429395042 9.349271295742403
1.0284939340455548 2.1810181206460517 10.325041096192205
1.0480412203006906 2.3917646623172906 11.295477707655781
1.0622815959035896 2.528110008198426 12.26992150503437
1.0733085727729574 2.6224035259566416 13.247974644444177
1.0818808072857438 2.691513845512943 14.227339106403981
1.0888097667830985 2.744257144178332 15.207977054912657
1.8721603988317732 1.4001507418384542 9.924171728073581
1.8818940322869941 1.8800694992426426 10.741056322105853
1.8944739094748144 2.237943631940852 11.725097172390567
1.9018832795742133 2.4479227485466617 12.701116344384838
1.9070401699076063 2.5809493352440414 13.678424430571338
1.9108641398314499 2.671585706296544 14.657851949153077
1.913801293478117 2.737063256378163 15.638982142395992
1.9161433748266972 2.786502977178219 16.621108638631867
2.7654506415063422 1.2889665554681984 11.092416409857867
2.7743979500933897 1.899153235417 12.107153367364969
2.7789767530769898 2.2606574864831726 13.076089386693795
2.7818329595900217 2.4703141549726695 14.045510323176444
2.7837688134687575 2.6018185927263637 15.01887245273149
2.7852945628997334 2.690131600763921 15.997815724759366
2.786687202740058 2.7547346561759434 16.977579112138585
2.787100467612875 2.802682226953609 17.953546986694565
-2.6174401869325497 1.292929698619109 12.452120368232356
-2.6137754211439646 1.9071449587726914 13.454947416657879
-2.61193530676975 2.2699378997683057 14.416939937453636
-2.6108126276543095 2.479327355069586 15.381743967690005
-2.6100552187887853 2.6100552187864046 16.352206428542495
-2.6095056115030686 2.698261700966367 17.326576443232632
-2.609089188539908 2.761468640097206 18.303493403968798
-2.608761888219041 2.8089364202071225 19.282590908145096
3.141592653589793 0.0 4.928571428571429
3.141592653589793 0.0 3.9428571428571426
3.141592653589793 0.0 2.957142857142857
3.141592653589793 0.0 1.9714285714285715
3.141592653589793 0.0 0.9857142857142858
0.0 0.0 0.0
0.0 3.141592653589793 0.9857142857142858
0.0 3.141592653589793 1.9714285714285715
-2.057115441308996 0.8236469056258335 5.418903609513045
-1.8664987274696392 1.0436727872947198 5.009839478320441
-1.647668946655655 1.257615187879557 4.773498811247398
-1.4176513229963406 1.4812537444979492 4.734718334485963
-1.1584209616808616 1.6595333706242241 4.907347675433046
-0.9693560138499164 1.8669539153737078 5.25264318516693
-0.8527116949750932 2.0831627058620388 5.739313370322801
-0.728006033187591 2.229617346158652 6.35016687174939
-1.0315792171591316 1.111966586921787 6.545821088305591
-0.8625587809582396 1.4945421293849057 6.970519744279489
-0.717708024930992 1.7522231261054133 7.507055148868322
-0.6014157311838872 1.9484031335332317 8.127281612187648
-0.5065820642523028 2.101806146955985 8.814518252099447
-0.4290231504051908 2.2242189524534797 9.554234392429231
-0.3648208224220723 2.3233550436678327 10.335277627384976
-0.3114528428157165 2.4046815145013203 11.148988039098862
-0.0659979492791956 1.2183517382098543 7.899225862876123
0.03139116507571055 1.7183508210809912 8.779177240310503
0.09846056979676428 2.028999267486379 9.668059961141967
0.14836912161577537 2.2319796320683456 10.574996646292346
0.18733332191218252 2.3719814715657206 11.497100466352428
0.21844879794928385 2.4743449050877326 12.430251385423748
0.2436800365539668 2.552415302186953 13.37150870463369
0.26496844424204913 2.613591785360172 14.320062493338888
0.8632868287719235 1.2673744382188792 9.297899605384593
0.9084221064051333 1.8274766563767848 10.315627544797664
0.9359842268578807 2.171047335706918 11.295379565011173
0.9542397904698112 2.3809932409026935 12.269458595403279
0.9680731685249016 2.517094842243319 13.248350502639024
0.9784256912154481 2.6119659128589583 14.227282967120487
0.9868028176684152 2.681601118805676 15.208541499082905
0.9936046630898692 2.734809007530338 16.19058495245404
1.774735830865972 1.2872113787796944 10.687716706085018
1.7942013883505579 1.8772115423533102 11.71979283252294
1.8047807861745966 2.2345172263565862 12.701223125256394
1.8116088432823299 2.444162496116591 13.678709521851736
1.8163523417533438 2.5771328444065857 14.657948820746777
1.819959891101458 2.668029614030709 15.63890484601973
1.8227077498390427 2.7337790868284753 16.62092348566013
1.8249082218554162 2.7834303341004354 17.603948882798186
2.6782112955491395 1.2965035377122633 12.061183511099207
2.6863022529521716 1.8982000150089298 13.079421912663864
2.6904798233203624 2.2591487042468645 14.050516218169108
2.693077241212839 2.4688775858532583 15.021236747724826
2.6948704790924003 2.600368895757728 15.995576873710016
2.6961606582347155 2.6894267478436342 16.972751761090073
2.697158666060718 2.753412924669655 17.952141903369117
2.6979449610984156 2.8015509283916624 18.93301812011908
-2.70492911143492 1.301358192281358 13.422394348801046
-2.701615195879469 1.906940471783779 14.427202843630813
-2.699943103735379 2.2694078667877395 15.39010297365061
-1.3449412459237933 2.4239839340648994 15.781399689301502
-1.005392568586554 2.560879011510421 16.608142413174498
-1.2754148432307244 2.681383307346098 17.892896948828497
-2.697348189007114 2.760993834977196 19.278559186041434
-2.6970463696652525 2.8085037692654984 20.2576019106066
3.141592653589793 0.0 5.914285714285715
3.141592653589793 0.0 4.928571428571429
3.141592653589793 0.0 3.9428571428571426
3.141592653589793 0.0 2.9571428571428573
3.141592653589793 0.0 1.9714285714285715
3.141592653589793 0.0 0.9857142857142858
0.0 0.0 0.0
0.0 3.141592653589793 0.9857142857142858
-2.0874882183944536 0.8090062025723456 6.39326052153722
-1.9322698005604095 1.0054398868883865 5.948967954765942
-1.754357764383395 1.1865864141281077 5.64451378545129
-1.5619831221253861 1.3722813495185282 5.502734628448869
-1.3234186764200047 1.5125867078315922 5.546957159601468
-1.143545843809787 1.7062051369898334 5.749555556871384
-0.9831543407185467 1.8807522421195686 6.107199290781681
-0.8446820269203845 2.031865730827436 6.594780886213128
-1.0803113148046941 1.107582927817837 7.509704668274031
-0.9318482886915199 1.4651961734534458 7.906490182503724
-0.8061081148058765 1.7103911714035307 8.404764927340857
-0.6965925311406403 1.8947961753756972 8.985971578776358
-0.6052410418227097 2.0412047198920473 9.63368885842915
-0.5281726005081779 2.160029494049288 10.335265805576244
-0.46296762243520534 2.258163424484113 11.080387478220702
-0.40735258767698274 2.3399859331687125 11.860824632839766
-0.12302604232136401 1.2200372795704264 8.863029177594008
-0.0362409689469163 1.7028135808672835 9.73728874761229
0.02553082534581416 2.008051297830031 10.622465446159197
0.0725584430171619 2.208670959825523 11.524769761421762
0.10995670119872167 2.3473305601741545 12.442521523061064
0.14036964839678684 2.4490887318626533 13.371604805008392
0.1657181903886595 2.5270755126825954 14.309566444840438
0.18716300320371643 2.5887332924090116 15.25451252380881
0.8028484249654353 1.2675095521859452 10.265386654055071
0.8437678148340212 1.8219003266547922 11.287266624469492
0.8684666328138252 2.163610719315223 12.268607306019032
0.8860893000276208 2.3720472568602187 13.247914117821125
0.8988367764355374 2.50845836653105 14.227304064118714
0.9088209770868336 2.603602130591673 15.208470463068005
0.9167999074108365 2.6735916966598907 16.190925865441628
0.9233576927884353 2.7272225067364047 17.1741453247109
1.7129234208030135 1.2885180655840007 11.658584006396698
1.730488207665844 1.8750429149521777 12.694695496032134
1.740223766783785 2.2307671754482157 13.678948634660024
1.7464918817547033 2.441135379738913 14.658258303691328
1.7509237607863748 2.5741755021072175 15.639049579396644
1.754238497544263 2.6652814273152754 16.62083625878075
1.7568017107489855 2.731187794400598 17.603752034917513
1.758847435148173 2.781045307209162 18.587673943171296
2.615829279814175 1.2983312030941254 13.034083304188215
2.6231408465200743 1.897637324743127 14.054462199919696
2.626973863808747 2.258028122034747 15.027609481717619
2.629346913737489 2.467716014909874 15.999334595331515
2.6309794290524553 2.5992942560220373 16.97420879016388
2.632176624237481 2.6884284180257505 17.952123194279366
2.633091096567163 2.7524963095856476 18.931892611445704
2.6338215669474057 2.800719168138724 19.91270799772942
-2.7675118924373447 1.3034083488323747 14.396356047590238
-2.7645332785183463 1.9068731562546215 15.40269815256713
-2.7630120615540603 2.268983138690607 16.366396417094514
-2.762086493518323 2.4783229285490145 17.332515068140562
-2.7614442887260373 2.6091079974326523 18.30338666114399
-2.7609885052916003 2.697355241432871 19.278454940603847
-2.7606433220894195 2.7606433219288875 20.256175716020806
-1.4079473063212098 2.794446839951204 20.66038510733398
3.141592653589793 0.0 6.9
3.141592653589793 0.0 5.914285714285715
3.141592653589793 0.0 4.928571428571429
3.141592653589793 0.0 3.942857142857143
3.141592653589793 0.0 2.9571428571428573
3.141592653589793 0.0 1.9714285714285715
3.141592653589793 0.0 0.9857142857142858
0.0 0.0 0.0
-2.1093864094901855 0.8001689655664479 7.370674882826308
-1.9788738610418053 0.9757458483047267 6.901208213682784
-1.830568136090899 1.1327149638063148 6.548505856962941
-1.6680641417980882 1.2932958330393924 6.331420469271755
-1.4988167626186084 1.4590604023295377 6.263793769568016
-1.3320192857230577 1.6258635486437116 6.3501593404020475
-1.1762273346710945 1.786337388033214 6.584332607049609
-1.0369643006468117 1.9345622017258528 6.951385168706638
-1.1160390546548475 1.102501828054163 8.478966341269501
-0.9856527148906331 1.4461409907864582 8.852382783724442
-0.8711859503003454 1.6790465111121589 9.32115354000283
-0.7712232993654146 1.853209711828671 9.868849490323065
-0.6834900645981539 1.9927200505897003 10.481740231379389
-0.6087264500947095 2.1069245355490804 11.148903182095022
-0.5447484994111184 2.202671404511867 11.860852441231254
-0.4886280847406458 2.283823886789658 12.609803866996813
-0.16533404545913236 1.2134744928370627 9.83189349548731
-0.08726295381827247 1.6929619324673335 10.701228304299619
-0.03043844189643623 1.9938625887899897 11.58197958840996
0.013828448611007783 2.1892740575095013 12.480903980883145
0.049592922600179674 2.3265363076600813 13.394781302102974
0.07920234311699137 2.427675384685077 14.32025814420193
0.10405925401474232 2.5055942900089296 15.254662134002997
0.12535218417645339 2.5674415188920263 16.19617807502491
0.7577141204470461 1.2617089833474215 11.236946472920277
0.7948401595549672 1.8176752952497293 12.261833779398184
0.8179160044562421 2.157207078278919 13.245908100333345
0.8341277500400853 2.3650600048048305 14.226802199162456
0.8461078682102826 2.5014793003834126 15.208071985676762
0.8555509200801024 2.596744188074536 16.190832921847473
0.863172018664764 2.6670302490821105 17.17417561140104
0.8695109105491722 2.7208806935185637 18.15886501236255
1.6666585265310783 1.2754943058975574 12.63270651775872
1.6826987579962265 1.8737607609776217 13.671366216552869
1.691638951270434 2.2283934118584705 14.658298920930465
1.6973994639453889 2.438328777547988 15.63936874909107
1.7014984545058902 2.5719545160163704 16.62117089226499
1.7045478167247028 2.663073447262412 17.603994966080855
1.706949201143285 2.7291357430892993 18.587721761062596
1.7088647118204876 2.779124793305514 19.571955362314718
2.5690855606607346 1.2922901072714785 14.009816683606442
2.5757777434610762 1.8952777330214443 15.03492506812725
2.579175329906739 2.2582068119612035 16.001538898445663
2.5814439238816633 2.4668250125382816 16.979140318850927
2.5829440299947013 2.5984596904785895 17.954735639133062
2.58404521224698 2.6876414686379992 18.93268467757132
2.584887953451496 2.751772339048447 19.91298802028821
2.585554878006256 2.800032528141998 20.894344336483
-2.81448938752752 1.2969112457566536 15.373073580722641
-2.8117400243942083 1.9068778593251061 16.380559395627074
-2.8103505970016607 2.2686630471637823 17.34500782006915
-2.8094722598076594 2.478026445026209 18.310943838160167
-1.449117561766859 2.5956563877301795 18.706781975947113
-2.808497728528441 2.6970314179832675 20.258061765351233
-2.8081715337319806 2.7603747251748803 21.235452125746768
-2.807921100477573 2.807921100471706 22.215054804979083
